czas
0.94883 
1.29446 
1.52828 
1.22342 
0.52058 
0.56022 
0.51093 
1.60055 
0.74446
0.94539 
0.75272 
1.27372 
0.61530 
0.38099 
0.55440 
1.27282 
1.19084 
0.82403
0.85657 
0.90899 
0.35793 
2.10479 
0.46310 
0.91656 
0.98892 
0.63180 
0.49101
0.56986 
1.12295 
1.54043 
1.22796 
1.73648 
0.64761 
1.54641 
0.92718 
0.18098
0.87242 
2.33141 
2.25885 
0.67714 
1.63583 
0.62631 
1.60128 
1.22567 
0.92118
1.14821 
1.24519 
0.73499 
0.83600 
1.17843 
0.99598 
0.75487 
0.82015 
1.97420
0.83553 
1.92539 
0.84810 
1.16248 
1.19510 
0.95237 
0.67676 
1.33814 
1.60340
1.45088 
0.47661 
0.52001 
0.99149 
1.21033 
1.72403 
2.12953 
0.95646 
1.48881
1.25093 
0.64181 
1.43550 
0.57750 
0.49888 
0.51048 
0.51960 
0.71292 
0.72181
0.55613 
1.09599 
1.47254 
0.76068 
0.60311 
0.60209 
2.49326 
0.65692 
0.52541
1.31810 
2.23361 
1.14428 
2.11960 
1.65808 
1.23131 
1.23188 
0.73788 
1.08923
0.81213 